Left to right: geodesic, k-means, DB scan
0.0940354836309151 -0.3272623517441908 -0.31667861006198195
0.12730298169860566 -0.3721267579558668 -0.3551095175468068
0.1625365930556035 -0.26377304032063315 -0.24601303176252887
0.09179161124308027 -0.32741087142285313 -0.3114434253765604
0.13703872793119182 -0.29260736573867435 -0.23463385733257963
0.12872202626221604 -0.23238568519402553 -0.2190503959791014
0.13261698533390645 -0.32349855637508584 -0.299652092145672
0.12245282127430245 -0.3428228472187429 -0.3283128366289468
0.126523463604885 -0.05200832902253606 -0.05240208797823352
0.18517897633786767 -0.28432164169734964 -0.249848434383586
0.07060433498884741 -0.2301693388598854 -0.24814686234740607
0.15403711427378605 -0.29577617397775596 -0.2631360768423302
0.1129695610901404 -0.2695538858777378 -0.2648342272844646
0.06549767355797466 -0.289260382580251 -0.24439664787646462
0.1431431866413279 -0.2964368766023052 -0.2960413926807094
0.11381751051725936 -0.2525607031084982 -0.2518311852343117
0.10650413476778083 -0.34903643280449903 -0.34431690861243847
0.14028687895318523 -0.32730332830642633 -0.3026177613199507
0.13063230750707108 -0.16590661332397347 -0.17286817125174062
0.12218099807675135 -0.3032360431769624 -0.2799024921760728
0.12223028494031388 -0.3376144311091484 -0.28495550888897914
0.14010396992287594 -0.3078014123010266 -0.24424998506477555
0.11203795551948467 -0.3480399650664956 -0.3264839279799432
0.10569823979142559 -0.2696091033631095 -0.2725814978830245
0.15299181857822908 -0.11996340068655621 -0.11942156338826804
0.11296325975752972 -0.1719289443793885 -0.15022497075663735
0.0955480176434153 -0.19864844300869394 -0.1835722659517416
0.12301751603021426 -0.24577905413094492 -0.21176367150028147